50
34 19 12 21 13 8 40 49 25 41 23 4 46 48 22 10 24 30 18 38 
45 35 20 17 6 39 14 32 26 37 47 36 50 44 33 
36 26 35 20 50 17 32 47 44 2 39 33 37 14 45 6 
25 8 24 18 
29 
23 50 42 15 45 14 44 39 8 36 28 37 17 33 7 22 4 47 26 1 35 40 11 18 9 25 32 24 21 31 20 
38 8 30 1 25 23 22 41 21 4 28 12 24 40 34 31 18 11 48 
23 12 41 49 21 34 40 46 22 48 13 30 18 38 
42 12 34 38 1 22 19 46 49 25 16 13 24 48 40 28 4 7 41 15 23 8 10 11 30 31 18 21 
16 19 
28 31 18 4 1 8 24 25 
19 5 49 46 13 16 10 
29 49 16 5 10 19 
32 20 36 44 45 17 37 9 35 50 26 47 39 33 
11 1 31 4 42 28 7 
5 29 
41 10 23 29 49 1 31 25 16 13 34 15 38 40 19 22 9 8 18 28 21 11 42 4 30 24 7 5 46 12 48 
22 30 38 40 23 21 41 48 
16 5 
15 28 17 31 44 9 25 1 11 42 24 18 26 7 8 4 
41 46 19 30 48 38 34 49 12 13 10 
23 21 38 41 
21 41 
12 10 40 8 19 30 41 49 48 21 25 18 34 46 22 38 13 23 
23 41 18 22 34 21 40 46 49 48 13 19 8 10 38 12 30 
17 
15 11 8 16 9 23 33 38 1 34 20 6 2 14 28 24 12 44 46 45 3 39 47 7 25 21 26 40 32 50 42 30 31 36 48 17 19 10 41 49 35 37 13 18 22 4 
40 18 49 48 46 38 4 30 1 23 22 24 10 12 34 13 41 25 8 21 
0
46 12 10 34 16 49 19 13 
4 25 28 1 24 
8 42 47 7 20 4 35 26 15 17 24 44 39 28 33 9 31 25 45 11 1 37 
24 4 21 15 9 28 17 7 39 30 12 1 20 31 38 11 40 23 42 22 26 8 41 34 18 48 44 25 
13 10 46 49 12 19 
1 42 4 44 24 45 28 25 11 18 17 7 33 37 15 20 47 8 39 31 9 26 
9 45 39 42 7 32 20 33 26 24 37 17 35 1 28 25 4 47 44 15 50 11 31 
19 7 46 13 44 1 48 10 20 4 18 47 31 17 41 45 42 11 23 9 33 16 21 24 5 28 15 26 12 34 22 40 49 8 39 25 38 30 
48 34 30 
20 44 17 26 
22 23 
46 13 48 30 38 12 34 
23 48 41 1 7 30 18 31 34 38 40 21 8 11 28 22 24 25 4 
0
26 
28 23 15 44 40 8 25 31 38 24 4 20 9 33 48 30 41 21 18 7 26 17 39 22 42 34 1 11 
13 
39 44 33 20 45 
46 30 19 49 10 34 16 12 13 
16 19 10 
18 20 25 17 35 47 24 8 22 1 21 41 39 23 11 32 28 15 9 26 40 33 7 44 37 31 42 45 4 
